0.000000000000000000e+00
6.819999999999999674e-02
1.295999999999999930e-01
1.900999999999999912e-01
2.561999999999999833e-01
3.185999999999999943e-01
3.835999999999999965e-01
4.378000000000000225e-01
5.016000000000000458e-01
5.612000000000000322e-01
6.042999999999999483e-01
6.532999999999999918e-01
7.069999999999999618e-01
7.509000000000000119e-01
8.014000000000000012e-01
8.460999999999999632e-01
8.768000000000000238e-01
9.108000000000000540e-01
9.374000000000000110e-01
9.719999999999999751e-01
1.000000000000000000e+00
