0.000000000000000000e+00
3.039999999999999925e-01
5.170000000000000151e-01
6.540000000000000258e-01
7.530000000000000027e-01
8.379999999999999671e-01
8.689999999999999947e-01
9.230000000000000426e-01
9.489999999999999547e-01
9.689999999999999725e-01
9.879999999999999893e-01
9.929999999999999938e-01
9.919999999999999929e-01
9.959999999999999964e-01
1.000000000000000000e+00
9.989999999999999991e-01
1.000000000000000000e+00
1.000000000000000000e+00
1.000000000000000000e+00
1.000000000000000000e+00
1.000000000000000000e+00
