0.000000000000000000e+00
2.898000000000000020e-01
4.899999999999999911e-01
6.319000000000000172e-01
7.311999999999999611e-01
8.134000000000000119e-01
8.706000000000000405e-01
9.096999999999999531e-01
9.429999999999999494e-01
9.670999999999999597e-01
9.796000000000000263e-01
9.879000000000000004e-01
9.938000000000000167e-01
9.978000000000000203e-01
9.985000000000000542e-01
9.996000000000000441e-01
9.998000000000000220e-01
9.999000000000000110e-01
1.000000000000000000e+00
1.000000000000000000e+00
1.000000000000000000e+00
