0.000000000000000000e+00
3.559999999999999970e-02
7.380000000000000449e-02
1.110000000000000014e-01
1.565999999999999892e-01
2.124999999999999944e-01
2.585999999999999965e-01
3.149000000000000132e-01
3.822999999999999732e-01
4.441999999999999837e-01
5.137000000000000455e-01
5.706999999999999851e-01
6.411999999999999922e-01
7.008999999999999675e-01
7.569000000000000172e-01
8.067999999999999616e-01
8.582999999999999519e-01
8.984999999999999654e-01
9.391000000000000458e-01
9.706000000000000183e-01
1.000000000000000000e+00
