0.000000000000000000e+00
0.000000000000000000e+00
0.000000000000000000e+00
4.000000000000000083e-03
1.200000000000000025e-02
4.499999999999999833e-02
8.799999999999999489e-02
1.499999999999999944e-01
2.760000000000000231e-01
4.269999999999999907e-01
5.560000000000000497e-01
6.889999999999999458e-01
7.910000000000000364e-01
8.950000000000000178e-01
9.609999999999999654e-01
9.879999999999999893e-01
9.939999999999999947e-01
9.979999999999999982e-01
1.000000000000000000e+00
1.000000000000000000e+00
1.000000000000000000e+00
