0.000000000000000000e+00
2.000000000000000096e-04
4.000000000000000083e-03
9.799999999999999684e-03
3.130000000000000143e-02
7.240000000000000602e-02
1.322000000000000119e-01
2.192000000000000060e-01
3.266000000000000014e-01
4.583999999999999742e-01
5.938999999999999835e-01
7.039999999999999591e-01
8.042000000000000259e-01
8.831999999999999851e-01
9.395000000000000018e-01
9.719999999999999751e-01
9.883999999999999453e-01
9.972999999999999643e-01
9.991999999999999771e-01
1.000000000000000000e+00
1.000000000000000000e+00
