0.000000000000000000e+00
1.000000000000000021e-03
6.000000000000000125e-03
2.400000000000000050e-02
2.900000000000000147e-02
7.599999999999999811e-02
1.089999999999999997e-01
2.389999999999999902e-01
3.410000000000000253e-01
4.480000000000000093e-01
5.789999999999999591e-01
7.149999999999999689e-01
8.120000000000000551e-01
8.709999999999999964e-01
9.330000000000000515e-01
9.719999999999999751e-01
9.889999999999999902e-01
9.959999999999999964e-01
9.969999999999999973e-01
1.000000000000000000e+00
1.000000000000000000e+00
