0.000000000000000000e+00
0.000000000000000000e+00
0.000000000000000000e+00
0.000000000000000000e+00
0.000000000000000000e+00
2.000000000000000042e-03
5.000000000000000104e-03
2.100000000000000130e-02
4.700000000000000011e-02
1.219999999999999973e-01
2.250000000000000056e-01
3.679999999999999938e-01
5.110000000000000098e-01
6.660000000000000364e-01
8.309999999999999609e-01
9.250000000000000444e-01
9.569999999999999618e-01
9.909999999999999920e-01
9.979999999999999982e-01
1.000000000000000000e+00
1.000000000000000000e+00
