0.000000000000000000e+00
6.690000000000000113e-02
1.287999999999999978e-01
1.940000000000000058e-01
2.459000000000000075e-01
3.175999999999999934e-01
3.701999999999999735e-01
4.310999999999999832e-01
4.979000000000000092e-01
5.437999999999999501e-01
6.048000000000000043e-01
6.602000000000000091e-01
7.065000000000000169e-01
7.622999999999999776e-01
7.996999999999999664e-01
8.445000000000000284e-01
8.827000000000000401e-01
9.184999999999999831e-01
9.445999999999999952e-01
9.726000000000000201e-01
1.000000000000000000e+00
