0.000000000000000000e+00
7.099999999999999367e-02
1.479999999999999927e-01
1.960000000000000075e-01
2.680000000000000160e-01
3.049999999999999933e-01
3.579999999999999849e-01
4.540000000000000147e-01
5.470000000000000417e-01
5.520000000000000462e-01
6.019999999999999796e-01
6.770000000000000462e-01
7.019999999999999574e-01
7.520000000000000018e-01
8.259999999999999565e-01
8.499999999999999778e-01
8.820000000000000062e-01
9.130000000000000338e-01
9.419999999999999485e-01
9.749999999999999778e-01
1.000000000000000000e+00
