0.000000000000000000e+00
2.299999999999999961e-02
6.700000000000000400e-02
9.500000000000000111e-02
1.559999999999999998e-01
2.030000000000000138e-01
2.700000000000000178e-01
3.270000000000000129e-01
3.800000000000000044e-01
4.219999999999999862e-01
5.330000000000000293e-01
5.410000000000000364e-01
6.600000000000000311e-01
6.889999999999999458e-01
7.570000000000000062e-01
8.129999999999999449e-01
8.679999999999999938e-01
8.990000000000000213e-01
9.449999999999999512e-01
9.609999999999999654e-01
1.000000000000000000e+00
