0.000000000000000000e+00
1.000000000000000048e-04
8.000000000000000383e-04
3.299999999999999982e-03
1.370000000000000037e-02
3.710000000000000103e-02
8.019999999999999352e-02
1.746999999999999942e-01
2.723999999999999755e-01
4.060000000000000275e-01
5.583000000000000185e-01
7.004000000000000226e-01
8.146999999999999797e-01
8.988000000000000433e-01
9.495000000000000107e-01
9.811999999999999611e-01
9.920999999999999819e-01
9.986000000000000432e-01
9.999000000000000110e-01
1.000000000000000000e+00
1.000000000000000000e+00
