0.000000000000000000e+00
0.000000000000000000e+00
6.000000000000000125e-03
5.399999999999999939e-02
1.559999999999999998e-01
2.909999999999999809e-01
5.320000000000000284e-01
6.860000000000000542e-01
8.129999999999999449e-01
9.010000000000000231e-01
9.619999999999999662e-01
9.909999999999999920e-01
9.989999999999999991e-01
1.000000000000000000e+00
1.000000000000000000e+00
1.000000000000000000e+00
1.000000000000000000e+00
1.000000000000000000e+00
1.000000000000000000e+00
1.000000000000000000e+00
1.000000000000000000e+00
