0.000000000000000000e+00
1.760000000000000106e-02
3.679999999999999938e-02
5.870000000000000218e-02
9.210000000000000131e-02
1.323000000000000009e-01
1.907000000000000084e-01
2.391000000000000070e-01
2.938999999999999946e-01
3.703000000000000180e-01
4.267000000000000237e-01
5.089000000000000190e-01
5.812000000000000499e-01
6.602000000000000091e-01
7.298999999999999932e-01
7.814999999999999725e-01
8.379999999999999671e-01
8.891999999999999904e-01
9.274000000000000021e-01
9.707999999999999963e-01
1.000000000000000000e+00
