0.000000000000000000e+00
1.619999999999999912e-02
3.420000000000000123e-02
6.090000000000000274e-02
8.719999999999999973e-02
1.313000000000000000e-01
1.673999999999999932e-01
2.217999999999999972e-01
2.957000000000000184e-01
3.680999999999999828e-01
4.442999999999999727e-01
5.150000000000000133e-01
5.878999999999999782e-01
6.625999999999999668e-01
7.399000000000000021e-01
7.977999999999999536e-01
8.477999999999999980e-01
9.000000000000000222e-01
9.315999999999999837e-01
9.706000000000000183e-01
1.000000000000000000e+00
