0.000000000000000000e+00
0.000000000000000000e+00
0.000000000000000000e+00
0.000000000000000000e+00
0.000000000000000000e+00
0.000000000000000000e+00
0.000000000000000000e+00
0.000000000000000000e+00
0.000000000000000000e+00
0.000000000000000000e+00
0.000000000000000000e+00
0.000000000000000000e+00
0.000000000000000000e+00
3.099999999999999978e-02
2.059999999999999887e-01
6.360000000000000098e-01
9.170000000000000373e-01
9.969999999999999973e-01
9.989999999999999991e-01
1.000000000000000000e+00
1.000000000000000000e+00
