0.000000000000000000e+00
0.000000000000000000e+00
0.000000000000000000e+00
0.000000000000000000e+00
5.000000000000000104e-03
2.699999999999999969e-02
6.400000000000000133e-02
1.930000000000000049e-01
3.880000000000000115e-01
5.959999999999999742e-01
7.640000000000000124e-01
8.850000000000000089e-01
9.449999999999999512e-01
9.829999999999999849e-01
9.979999999999999982e-01
1.000000000000000000e+00
1.000000000000000000e+00
1.000000000000000000e+00
1.000000000000000000e+00
1.000000000000000000e+00
1.000000000000000000e+00
