0.000000000000000000e+00
0.000000000000000000e+00
0.000000000000000000e+00
2.000000000000000096e-04
2.299999999999999961e-03
5.599999999999999943e-03
1.490000000000000005e-02
3.860000000000000236e-02
7.549999999999999767e-02
1.391999999999999904e-01
2.436000000000000110e-01
3.714999999999999969e-01
5.200000000000000178e-01
6.491999999999999993e-01
7.834999999999999742e-01
8.818000000000000282e-01
9.456999999999999851e-01
9.847000000000000197e-01
9.956000000000000405e-01
9.995000000000000551e-01
1.000000000000000000e+00
