0.000000000000000000e+00
2.100000000000000130e-02
2.900000000000000147e-02
5.500000000000000028e-02
1.019999999999999934e-01
1.370000000000000107e-01
1.739999999999999880e-01
2.159999999999999976e-01
2.790000000000000258e-01
3.599999999999999867e-01
4.450000000000000067e-01
5.200000000000000178e-01
5.699999999999999512e-01
6.510000000000000231e-01
7.249999999999999778e-01
7.600000000000000089e-01
8.289999999999999591e-01
8.900000000000000133e-01
9.370000000000000551e-01
9.609999999999999654e-01
1.000000000000000000e+00
