0.000000000000000000e+00
0.000000000000000000e+00
0.000000000000000000e+00
5.999999999999999474e-04
5.700000000000000205e-03
2.690000000000000030e-02
8.809999999999999776e-02
1.996999999999999886e-01
3.699000000000000066e-01
5.848999999999999755e-01
7.604999999999999538e-01
8.929000000000000270e-01
9.607999999999999874e-01
9.883999999999999453e-01
9.983999999999999542e-01
9.996000000000000441e-01
1.000000000000000000e+00
1.000000000000000000e+00
1.000000000000000000e+00
1.000000000000000000e+00
1.000000000000000000e+00
