0.000000000000000000e+00
0.000000000000000000e+00
0.000000000000000000e+00
0.000000000000000000e+00
0.000000000000000000e+00
0.000000000000000000e+00
0.000000000000000000e+00
0.000000000000000000e+00
0.000000000000000000e+00
0.000000000000000000e+00
0.000000000000000000e+00
2.000000000000000096e-04
2.000000000000000042e-03
3.459999999999999881e-02
2.051999999999999935e-01
6.168000000000000149e-01
9.324000000000000066e-01
9.981999999999999762e-01
1.000000000000000000e+00
1.000000000000000000e+00
1.000000000000000000e+00
