0.000000000000000000e+00
5.199999999999999761e-02
1.290000000000000036e-01
1.819999999999999951e-01
2.200000000000000011e-01
3.119999999999999996e-01
3.840000000000000080e-01
4.279999999999999916e-01
4.610000000000000209e-01
5.530000000000000471e-01
5.999999999999999778e-01
6.720000000000000417e-01
7.159999999999999698e-01
7.600000000000000089e-01
8.269999999999999574e-01
8.299999999999999600e-01
8.780000000000000027e-01
9.250000000000000444e-01
9.549999999999999600e-01
9.699999999999999734e-01
1.000000000000000000e+00
