0.000000000000000000e+00
2.690000000000000169e-01
4.829999999999999849e-01
6.490000000000000213e-01
7.520000000000000018e-01
7.970000000000000417e-01
8.719999999999999973e-01
9.210000000000000409e-01
9.399999999999999467e-01
9.669999999999999707e-01
9.739999999999999769e-01
9.869999999999999885e-01
9.929999999999999938e-01
9.949999999999999956e-01
9.989999999999999991e-01
9.989999999999999991e-01
1.000000000000000000e+00
1.000000000000000000e+00
1.000000000000000000e+00
1.000000000000000000e+00
1.000000000000000000e+00
