0.000000000000000000e+00
3.043000000000000149e-01
5.108000000000000318e-01
6.549000000000000377e-01
7.633999999999999675e-01
8.416000000000000147e-01
8.870000000000000107e-01
9.255999999999999783e-01
9.524000000000000243e-01
9.711999999999999522e-01
9.836000000000000298e-01
9.899000000000000021e-01
9.949000000000000066e-01
9.973999999999999533e-01
9.989000000000000101e-01
9.992999999999999661e-01
9.998000000000000220e-01
1.000000000000000000e+00
1.000000000000000000e+00
1.000000000000000000e+00
1.000000000000000000e+00
