0.000000000000000000e+00
5.979999999999999899e-02
1.131999999999999951e-01
1.763000000000000123e-01
2.394000000000000017e-01
2.989999999999999880e-01
3.547000000000000153e-01
4.122999999999999998e-01
4.657999999999999918e-01
5.445999999999999730e-01
5.947999999999999954e-01
6.593999999999999861e-01
7.046000000000000041e-01
7.455000000000000515e-01
7.916999999999999593e-01
8.367999999999999883e-01
8.709999999999999964e-01
9.133999999999999897e-01
9.463000000000000300e-01
9.719999999999999751e-01
1.000000000000000000e+00
