0.000000000000000000e+00
1.708999999999999964e-01
3.111999999999999766e-01
4.302000000000000268e-01
5.322000000000000064e-01
6.333999999999999631e-01
7.184000000000000385e-01
8.012000000000000233e-01
8.596000000000000307e-01
9.071000000000000174e-01
9.473000000000000309e-01
9.665000000000000258e-01
9.818000000000000060e-01
9.927000000000000268e-01
9.959999999999999964e-01
9.981999999999999762e-01
9.995000000000000551e-01
1.000000000000000000e+00
9.999000000000000110e-01
1.000000000000000000e+00
1.000000000000000000e+00
