0.000000000000000000e+00
3.690000000000000224e-02
6.560000000000000553e-02
1.029999999999999943e-01
1.499000000000000055e-01
1.930000000000000049e-01
2.570000000000000062e-01
3.059000000000000052e-01
3.781999999999999806e-01
4.425999999999999934e-01
5.147000000000000464e-01
5.738999999999999657e-01
6.455999999999999517e-01
7.114000000000000323e-01
7.683999999999999719e-01
8.187999999999999723e-01
8.633999999999999453e-01
8.984999999999999654e-01
9.351000000000000423e-01
9.733000000000000540e-01
1.000000000000000000e+00
