0.000000000000000000e+00
3.099999999999999978e-02
6.500000000000000222e-02
1.120000000000000023e-01
1.570000000000000007e-01
1.930000000000000049e-01
2.409999999999999920e-01
3.130000000000000004e-01
3.739999999999999991e-01
4.500000000000000111e-01
5.170000000000000151e-01
5.500000000000000444e-01
6.540000000000000258e-01
7.219999999999999751e-01
7.349999999999999867e-01
8.299999999999999600e-01
8.609999999999999876e-01
9.020000000000000240e-01
9.429999999999999494e-01
9.719999999999999751e-01
1.000000000000000000e+00
