0.000000000000000000e+00
0.000000000000000000e+00
0.000000000000000000e+00
0.000000000000000000e+00
0.000000000000000000e+00
3.399999999999999811e-03
2.500000000000000139e-02
1.241000000000000020e-01
3.302999999999999825e-01
5.956000000000000183e-01
8.098999999999999533e-01
9.385000000000000009e-01
9.831999999999999629e-01
9.969999999999999973e-01
9.998000000000000220e-01
1.000000000000000000e+00
1.000000000000000000e+00
1.000000000000000000e+00
1.000000000000000000e+00
1.000000000000000000e+00
1.000000000000000000e+00
