0.000000000000000000e+00
4.000000000000000192e-04
9.199999999999999845e-03
5.700000000000000205e-02
1.481999999999999984e-01
3.099999999999999978e-01
4.993000000000000216e-01
6.770000000000000462e-01
8.218999999999999639e-01
9.191000000000000281e-01
9.670999999999999597e-01
9.909000000000000030e-01
9.973999999999999533e-01
9.993999999999999551e-01
1.000000000000000000e+00
1.000000000000000000e+00
1.000000000000000000e+00
1.000000000000000000e+00
1.000000000000000000e+00
1.000000000000000000e+00
1.000000000000000000e+00
