0.000000000000000000e+00
0.000000000000000000e+00
0.000000000000000000e+00
0.000000000000000000e+00
5.999999999999999474e-04
2.200000000000000133e-03
7.000000000000000146e-03
1.919999999999999832e-02
5.390000000000000346e-02
1.180999999999999966e-01
2.225000000000000033e-01
3.652000000000000246e-01
5.221000000000000085e-01
6.874000000000000110e-01
8.348999999999999755e-01
9.185999999999999721e-01
9.697000000000000064e-01
9.939000000000000057e-01
9.988000000000000211e-01
9.998000000000000220e-01
1.000000000000000000e+00
