0.000000000000000000e+00
0.000000000000000000e+00
0.000000000000000000e+00
0.000000000000000000e+00
1.000000000000000021e-03
7.000000000000000146e-03
1.400000000000000029e-02
3.099999999999999978e-02
9.400000000000000022e-02
1.229999999999999982e-01
2.570000000000000062e-01
3.649999999999999911e-01
5.000000000000000000e-01
6.300000000000000044e-01
7.900000000000000355e-01
8.760000000000000009e-01
9.519999999999999574e-01
9.869999999999999885e-01
9.969999999999999973e-01
9.979999999999999982e-01
1.000000000000000000e+00
