0.000000000000000000e+00
1.700000000000000122e-02
4.399999999999999745e-02
5.899999999999999689e-02
8.599999999999999312e-02
1.479999999999999927e-01
1.950000000000000067e-01
2.399999999999999911e-01
2.859999999999999765e-01
3.649999999999999911e-01
4.650000000000000244e-01
4.719999999999999751e-01
5.929999999999999716e-01
6.420000000000000151e-01
7.179999999999999716e-01
7.860000000000000320e-01
8.289999999999999591e-01
9.120000000000000329e-01
9.409999999999999476e-01
9.659999999999999698e-01
1.000000000000000000e+00
